0 24 45 205
0 34 40 224
44 120 44 224
0 36 45 224
0 36 45 224
136 224 0 157
124 224 0 160
146 224 0 121
72 162 63 186
49 224 0 170
50 157 176 224
0 21 44 187
43 224 47 181
0 23 52 188
164 224 0 202
129 200 107 163
106 183 61 172
102 199 0 155
43 224 30 224
36 124 19 183
85 224 83 192
52 143 45 224
120 193 104 162
47 224 44 224
38 154 97 224
95 188 0 86
126 224 0 156
33 91 99 183
124 224 0 151
133 224 109 224
0 30 44 224
98 224 0 224
143 224 0 170
164 224 22 72
50 224 0 167
141 224 0 146
181 224 0 224
155 224 0 79
122 224 0 224
177 224 166 224
34 90 32 91
128 224 103 224
157 224 29 80
142 224 0 224
126 224 0 157
34 98 94 192
132 224 0 199
102 224 0 224
127 224 82 191
95 224 134 224
0 35 43 224
38 102 0 224
81 224 33 162
34 157 42 224
0 92 0 29
126 224 99 194
0 87 0 209
137 224 0 224
99 224 0 176
130 224 0 224
44 149 189 224
158 224 0 170
141 224 0 224
58 224 0 167
51 224 88 165
187 224 0 179
191 224 0 181
189 224 0 193
40 224 99 170
113 224 0 224
32 86 93 194
44 166 46 224
148 224 0 224
52 224 56 191
93 224 96 192
123 224 0 221
152 224 32 94
122 224 0 224
124 224 0 171
41 124 101 188
137 224 1 224
55 224 40 132
0 26 53 181
41 224 0 163
123 224 0 224
131 224 0 208
96 224 99 187
131 178 28 123
91 167 65 182
131 224 114 224
55 159 47 224
153 224 0 167
30 148 95 224
88 224 106 190
89 223 36 193
123 224 93 187
125 224 0 224
68 131 106 190
127 224 3 224
119 224 104 183
42 147 194 224
38 167 41 196
0 22 36 190
136 224 0 160
0 144 0 224
135 192 27 153
125 224 89 193
104 224 0 173
145 224 35 97
145 224 35 97
40 102 0 224
184 224 152 224
0 22 50 181
164 224 22 224
164 224 22 224
138 224 0 153
137 200 27 80
0 34 40 224
125 224 0 202
121 224 0 224
48 157 173 224
0 101 0 161
123 224 0 182
107 201 0 175
129 224 0 224
145 224 0 224
125 224 0 191
129 177 46 113
120 181 102 165
123 224 0 161
46 105 43 224
50 143 40 224
172 224 170 224
48 224 83 224
158 224 30 89
190 224 74 174
131 224 0 224
65 158 65 191
47 224 0 168
131 224 89 224
48 224 51 224
37 224 30 224
124 224 0 166
0 93 0 180
37 150 101 224
37 150 101 224
127 193 103 159
124 224 0 224
151 211 37 98
134 224 0 224
136 224 0 153
42 177 43 224
101 179 93 170
132 224 0 224
130 185 21 98
150 224 30 85
121 224 0 224
122 224 0 224
140 224 0 82
48 224 0 224
190 224 0 178
186 224 0 224
183 224 21 224
140 224 0 154
115 224 0 188
60 224 87 174
118 224 0 193
192 224 0 199
50 224 0 224
48 224 0 224
130 224 0 173
88 224 75 158
140 224 131 224
125 224 0 158
36 224 94 189
43 117 0 224
62 224 88 174
96 224 0 180
127 224 0 224
95 224 96 224
48 155 180 224
42 166 47 184
53 159 41 224
46 155 0 224
108 224 0 181
123 224 0 224
122 224 0 224
143 224 0 224
143 224 0 224
46 224 0 182
44 219 41 224
151 224 0 224
149 224 0 154
95 178 60 179
159 224 24 77
124 224 0 224
139 224 0 147
98 224 0 176
116 224 0 180
115 224 0 159
0 25 46 201
49 224 88 224
143 224 0 180
0 101 0 169
41 151 101 224
0 23 22 224
156 224 34 90
106 224 0 171
0 36 50 193
122 224 0 224
40 166 43 201
122 224 0 182
102 187 94 168
129 186 0 150
51 224 52 207
119 186 100 159
69 224 128 187
121 224 104 194
24 189 0 99
100 224 124 201
0 98 0 220
0 22 32 224
119 224 108 196
177 224 19 224
30 91 0 224
128 224 0 224
128 224 0 224
87 169 56 180
133 224 0 224
106 224 0 172
39 101 0 224
0 93 0 38
39 224 20 89
169 224 21 73
49 224 54 182
143 224 0 224
112 224 0 166
112 224 0 198
54 224 50 170
189 224 145 224
47 102 34 224
0 20 47 186
181 224 21 224
126 224 0 224
46 224 46 224
51 188 48 224
162 224 0 224
126 224 0 156
124 224 0 224
121 224 0 224
31 100 0 220
98 224 101 202
49 224 52 203
41 184 38 224
51 170 58 153
170 224 0 224
138 224 41 224
117 224 0 162
133 224 0 224
101 224 0 179
139 224 0 169
146 207 26 79
136 224 0 153
140 196 34 96
128 224 0 224
142 224 0 77
134 224 0 224
69 224 0 181
124 224 0 202
148 224 32 90
0 23 41 184
174 224 30 224
156 224 0 70
134 224 0 224
159 224 129 194
62 224 101 181
133 224 0 148
173 224 14 76
56 224 77 145
126 224 0 150
97 224 95 197
0 95 0 47
31 151 94 224
170 224 175 224
184 224 25 224
3 146 65 224
129 187 79 149
121 224 95 184
0 29 47 224
136 224 0 224
132 224 0 177
0 104 0 224
188 224 0 199
137 224 0 140
168 224 0 224
126 224 0 224
192 224 0 176
191 224 0 205
103 224 0 178
127 224 0 224
131 224 0 194
124 224 0 199
183 224 26 224
182 224 150 224
154 224 0 172
41 224 0 164
46 224 0 167
63 224 79 176
123 224 0 224
49 224 0 168
41 224 46 184
147 224 0 224
129 189 0 153
111 183 100 166
129 179 46 109
121 224 0 185
124 183 96 156
125 224 100 196
112 224 0 197
112 224 0 197
46 105 41 224
0 35 40 224
0 26 54 179
0 90 0 177
168 224 24 224
0 104 0 224
181 224 31 224
157 224 0 224
36 93 0 224
90 224 124 211
90 224 53 206
178 224 26 224
0 22 24 212
47 224 0 174
93 178 45 178
173 224 25 224
123 224 105 200
117 224 0 165
88 156 31 182
83 223 32 112
49 224 32 224
184 224 0 224
104 224 0 182
143 224 31 196
161 224 29 79
137 224 0 152
133 224 0 154
113 224 0 165
105 224 0 173
136 224 0 143
143 199 0 146
148 224 30 76
46 106 42 224
161 224 26 74
167 224 0 224
19 89 0 224
162 224 26 76
127 224 0 224
121 224 101 189
136 189 42 103
86 134 124 190
139 224 0 224
132 224 0 224
140 224 0 224
130 224 0 224
123 224 0 164
68 157 77 190
107 224 0 173
97 224 0 180
120 224 0 224
169 224 21 74
140 198 16 82
85 169 61 181
133 224 0 224
119 224 0 163
120 224 0 156
126 224 0 224
48 224 0 168
123 224 0 156
121 224 0 158
38 136 0 224
103 224 77 169
196 224 0 224
75 224 1 181
136 224 0 224
80 224 0 180
110 224 0 185
190 224 0 203
49 224 0 172
179 224 151 224
25 81 0 224
128 224 0 224
188 224 0 182
125 224 0 162
153 224 29 85
140 224 0 224
126 224 0 161
54 224 83 171
48 224 0 165
138 224 38 97
89 224 84 196
46 151 183 224
173 224 21 224
159 224 27 77
129 224 104 224
108 224 104 193
132 224 0 224
136 224 0 224
124 224 0 224
139 224 0 147
56 181 50 200
56 181 50 200
183 224 0 224
47 224 40 224
188 224 0 224
183 224 155 224
123 224 0 224
100 224 0 174
184 224 0 224
186 224 153 224
128 224 0 224
177 224 23 224
179 224 0 224
127 224 0 158
124 224 0 224
108 224 0 174
46 224 0 165
52 224 0 224
50 224 0 224
50 224 0 224
93 166 89 181
0 96 0 224
186 224 0 224
132 224 0 224
190 224 0 224
49 224 0 224
134 224 0 224
92 166 72 184
192 224 0 191
131 224 0 159
123 224 0 168
40 224 87 186
126 224 0 224
124 224 0 191
146 197 32 112
134 224 0 224
153 202 31 98
158 224 23 91
124 224 0 224
193 224 0 203
121 224 104 193
130 224 0 224
125 224 101 189
43 224 36 222
125 224 0 224
97 224 0 180
130 224 0 203
67 152 77 189
114 224 0 165
120 224 0 224
145 224 0 149
123 176 91 157
131 224 0 224
132 224 0 224
124 224 0 180
191 224 0 185
125 224 0 224
127 224 0 224
46 224 0 168
47 224 0 168
53 224 58 193
61 116 134 192
126 224 5 210
60 224 83 172
126 224 0 193
112 224 108 203
126 224 0 200
139 224 0 224
52 224 0 224
127 224 0 211
25 103 0 39
175 224 0 178
65 224 83 173
142 224 0 224
159 224 21 89
149 224 0 74
25 197 0 77
126 224 107 224
133 224 0 200
124 224 102 182
91 187 66 224
38 224 80 224
122 193 97 155
131 224 0 197
97 224 2 187
69 129 129 188
125 224 104 205
190 224 0 179
60 115 131 189
67 125 132 187
